2593 1061 2910 2730 1333 2204 2753 529 3550 3426 2461 649 1811 659 2353 2343 3252 3078 3104 606 2182 363 364 437 1621 1687 1704 1785 1813 1823 1848 1837 1886 1887 1897 944 1898 276 1826 1272 2590 2700 880 1370 1372 245 281 315 366 1623 1664 1665 521 1981 347 2764 2771 2159 286 3255 3230 2319 3254 3099 3092 3054 
186 1843 1464 2183 1213 4617 4638 4657 4684 4673 4685 4726 4734 4768 4799 2499 1694 1724 1758 908 1822 1857 1905 1919 1935 1920 1988 2670 1657 2577 2565 2583 2071 1492 205 113 1361 131 2786 2662 2695 232 2588 2693 2001 329 2224 1036 2286 1123 340 318 2178 136 104 234 188 2296 2207 3087 2648 3516 2460 2505 1325 2405 900 2290 1396 2246 3242 3112 3077 3065 3036 2994 328 330 365 414 467 1639 1695 1726 1727 1745 1774 1786 1775 1849 1838 1859 1860 1825 1731 170 2697 2591 2763 2792 2630 1357 
326 2463 250 88 2039 3344 3156 3171 3238 3049 3051 3045 502 534 667 714 765 822 823 867 885 919 959 960 989 976 1027 1028 2766 2769 2706 2705 2709 2752 2655 1103 2306 508 391 1182 2088 2089 2090 2091 948 272 207 3231 2796 3697 2846 3821 3470 3933 3927 2978 214 145 2676 730 152 2679 2680 1491 2096 3714 3762 3761 3788 3122 3121 3786 3807 3806 3846 2313 2208 87 2326 183 266 2348 2699 2225 3212 4640 4649 2069 4674 4694 4702 4735 4741 4773 4800 1652 1673 1651 1725 1759 1799 1812 1836 1875 1895 1876 1884 796 2531 2546 2542 2532 2566 2567 1861 273 177 1288 2671 2710 2656 123 2675 2728 2666 299 2193 945 396 130 89 185 623 157 
909 910 488 335 336 2142 1693 2144 2150 2161 2146 1104 1069 996 110 446 2972 3763 3733 3625 4012 2909 4179 735 1611 1501 3828 3802 3801 2817 2285 2302 103 147 178 111 2188 2177 3148 3201 3159 3073 3074 453 531 586 664 712 751 845 864 958 1045 1100 1128 1156 1197 1240 1241 1295 447 109 99 320 550 2738 449 2802 1294 2684 2333 3995 3991 3984 3977 3974 3022 3260 3949 3943 762 1017 334 491 433 789 2240 2218 2420 2616 2674 2717 498 397 369 2973 3539 3555 3573 3552 3518 3591 3606 3590 1260 2002 1980 432 2017 460 4239 707 4088 4284 838 4092 952 800 3816 107 2100 2110 1798 2185 2179 3178 4724 2571 3135 2622 383 479 555 588 668 805 868 906 824 920 990 637 1010 2149 2718 2712 2746 2714 2733 173 1055 545 574 2073 2033 927 913 259 309 2750 2780 2847 3152 3926 2765 3918 1264 189 242 227 2633 2634 2631 3748 3790 3789 3833 3832 3775 3809 3808 3829 3819 2592 2093 2601 3509 2331 2444 
1908 1716 2522 4766 4784 2974 4827 4848 626 625 710 732 801 802 842 933 955 1007 1023 1043 1078 1127 1142 1166 1181 1217 1236 1237 1256 3131 1331 239 2082 1363 1432 1418 1433 1434 978 551 237 577 125 94 496 300 3938 3727 2189 2084 4016 4011 4008 3998 3988 3985 3975 3972 3959 798 3957 4063 4064 3322 182 2345 4030 4098 327 2698 3629 3659 3658 3682 3739 3813 3782 2254 144 298 311 621 390 2555 620 1398 2165 2173 1085 2199 2198 2776 228 124 2669 1430 2485 3204 3425 3424 3398 3380 3418 3397 3388 698 697 699 4566 4568 114 3842 2409 264 202 154 2202 1839 115 2215 3166 3223 3250 3049 3069 3106 455 454 587 666 665 713 803 821 865 903 975 1008 1046 1047 1088 1145 1146 1147 746 1220 187 747 333 731 2599 149 2737 2762 2683 2682 3953 3990 3982 3968 198 554 339 3247 3940 3941 1840 907 2303 2320 143 1341 150 153 2677 2626 2678 2686 2810 2993 3574 3607 3612 3572 3623 3651 3622 3605 2628 860 859 749 1593 774 4043 4099 4023 4101 799 3817 3803 3843 
2184 494 3635 2085 2097 292 360 2578 2524 233 372 1544 1832 1316 1794 1793 1953 1551 575 576 1733 2013 1202 1203 993 375 132 271 848 423 1035 829 847 2141 2143 2135 2145 2139 1037 1068 995 928 980 3145 3007 3244 3776 3749 2942 4313 4178 4127 4141 4336 284 
2673 2736 151 1233 2773 3312 3324 3327 3326 3325 3319 3317 3318 2028 2380 458 879 965 1753 2358 2449 2413 2294 582 658 622 2770 112 156 992 485 972 1530 2275 2402 2260 2262 2672 2807 1291 126 133 2147 2962 3440 3472 3411 3453 3439 3471 3438 3452 2256 486 
338 101 3931 3420 3330 3642 3458 3570 3687 2511 3932 3354 3266 3589 4019 1951 3367 3987 4113 643 4103 249 4473 1960 4026 3091 4109 3213 3601 3619 3679 3702 3757 3768 3812 322 501 579 1360 4749 4772 4792 4818 4836 4864 4889 4895 4923 4937 2936 727 1006 1041 1076 1113 1163 1191 1192 2959 3134 2925 3040 2911 2912 2950 2890 1215 1429 2789 2867 1511 982 1531 1532 635 634 600 695 217 324 247 357 246 211 476 196 195 155 2168 3021 3196 3102 3095 3025 584 585 644 662 686 764 777 843 934 935 974 1024 1025 1060 1115 1143 1167 1194 1195 1218 1274 1312 1342 1376 1364 1390 255 493 862 1174 218 231 302 1307 3915 3649 2707 2098 4007 3992 3979 3971 3963 2495 4078 3142 624 4168 4038 4028 4065 3303 3684 3704 3683 3740 3759 3814 3827 3838 290 379 159 2392 
2011 1904 1915 1545 1756 1755 1797 1277 1283 2243 2838 3592 2579 3567 2055 4508 4503 685 4488 655 1230 408 1750 1451 1450 167 3346 3673 3261 2967 2044 2985 593 345 229 578 1336 1385 1071 2046 1732 1729 1730 1717 1552 2053 1890 1122 1159 337 353 2743 
4491 3981 2396 1578 3180 4177 4149 4129 4165 4159 2665 4116 4039 4305 1519 4176 2125 4100 4068 4182 4048 3496 3737 3811 4022 4765 4782 4790 4796 4823 4842 4846 4615 3012 2977 2939 3098 3144 2992 2777 969 1005 1086 1111 1152 1188 1231 2917 2996 2957 2937 3071 1413 1414 1456 1508 1470 1496 1528 595 736 672 608 1350 851 428 445 464 1605 439 854 1601 757 288 2873 2865 1310 1293 1324 377 1289 354 2374 3596 3863 3349 1243 3450 3455 1244 3456 1600 3911 3870 1699 4482 93 158 95 3374 3787 3665 3489 2232 3707 3760 3784 3347 3639 3700 4018 4002 3999 3993 3980 3241 3961 3948 3427 2995 775 1788 4124 4134 361 3610 3621 3620 3647 3680 3723 3758 3825 1542 1290 102 1252 1305 121 4758 4777 4805 4837 4852 4856 4879 4924 4938 4951 2521 985 1059 1125 1178 1206 3044 2960 2905 2889 2883 3182 3149 2918 2895 2896 1444 1499 2897 1521 1512 1486 1522 890 631 512 673 226 2640 308 194 212 197 
236 163 241 2723 3294 3293 3290 3287 3280 3284 3279 3283 3282 3090 1193 1229 619 270 1280 2562 835 2711 2595 96 2661 2154 2037 2935 3335 3334 3333 3332 3368 3379 3323 3359 530 1448 2481 916 676 1964 2293 2209 2226 2227 256 681 
1735 1379 3498 3989 4467 4447 4439 943 717 2023 204 2391 1969 1691 495 1700 1821 1608 1889 1720 1882 1299 1278 1263 2731 3614 2874 3575 1520 709 2761 776 656 719 1610 1317 840 1766 
839 106 230 448 134 2687 2887 2882 3292 3297 3300 3291 3306 3296 3295 3289 4014 505 1296 2127 2556 2523 2508 1991 2517 341 
1618 2214 2815 4232 4155 4180 4118 4087 2068 1594 4041 2933 4034 3192 3207 2945 4822 741 2819 1270 224 122 3147 2411 316 253 640 2747 2821 2304 2180 1359 2690 1032 2879 528 794 836 929 983 1003 1020 1073 2930 2892 2975 2899 1249 1286 1321 1355 1382 1409 1423 3056 1481 1517 797 1505 1540 716 809 566 567 754 536 912 1392 808 2004 646 2009 2061 768 589 1767 1768 942 970 887 1853 1630 2826 2818 2825 2834 2856 2833 2855 2868 2875 3884 3848 3689 3865 3654 3671 3956 3128 2456 4312 3345 4359 3357 3744 3383 3382 3530 3849 3603 3774 3861 3372 3409 3386 3405 3437 2369 129 175 748 1718 3125 4188 4135 4173 4174 4233 4054 4351 4105 4032 343 4050 4161 4066 4080 4070 4069 3176 3722 3755 3754 3799 4739 4121 4761 4762 4783 4804 4817 4843 4847 4863 2587 2914 2356 3020 3047 2965 1040 1097 1098 1140 1177 1189 1211 532 2997 2703 3019 3039 1387 1399 1415 1427 1484 1497 1509 767 607 2837 2835 2989 2652 852 701 816 674 1461 739 737 221 1375 1292 1234 931 1303 497 356 477 3373 3338 2452 2315 3272 3531 3644 3643 3355 2221 3483 3895 3668 1956 
141 3184 3535 3523 3522 3512 4458 4478 609 434 1894 917 2222 1602 1928 1930 1566 1869 
3043 2820 2839 1320 2014 2029 1488 1514 1515 1516 702 463 691 831 850 964 517 516 1346 1958 1604 1169 1666 894 1723 1819 1975 1962 1963 1931 1864 1950 1940 1615 1660 1681 1992 1867 2019 2072 2787 2790 2805 2822 2831 3903 3641 3457 3876 2515 3880 3856 2713 3883 2614 1596 3660 3935 3967 1183 3892 3885 3655 507 3627 4385 3711 2534 2057 4456 3962 4481 4506 3222 3004 3375 3395 3416 3435 3467 3487 2635 1267 2446 4111 4162 4211 4157 4156 4291 4189 2913 4198 4212 3735 3734 3766 3795 770 2192 2318 2175 3194 3217 2378 3245 4464 4477 3139 2428 3061 3034 3032 2929 3042 3017 2984 2186 4610 1412 2440 4978 4989 5000 3909 1170 2663 20 4591 4452 2197 1993 3946 3082 100 1627 3632 4226 4158 4172 4119 2931 1902 4076 882 4245 4234 4368 4145 3208 4801 4815 4816 4825 4841 4600 2844 5001 2791 2234 2117 1297 2829 3521 275 1327 2035 1506 527 279 817 535 878 915 1004 1021 1096 1109 3057 2902 899 1287 1322 1354 2904 2971 1439 2866 313 1482 1493 1494 1518 1541 511 654 525 926 871 872 1091 560 599 514 613 1222 941 614 1012 888 1000 1707 1298 2615 2828 2845 2864 2858 2869 452 451 2382 3925 3336 3950 3432 2472 2471 684 3653 4163 4004 2692 4409 2273 2291 2448 3594 3595 2418 2266 1323 3422 2954 409 
2121 2484 3058 3059 3269 2685 
2373 4021 3126 4868 4342 38 2171 14 4565 4549 4597 7 2220 4637 725 1891 4569 1133 1403 519 722 1579 568 1715 1708 1635 1550 1916 1872 1770 1982 1955 1954 1547 1983 1764 1689 1655 1643 1562 2529 1932 2539 2564 1198 1967 443 911 3910 1334 1807 3908 3886 3634 3907 3888 3891 3729 3667 3626 2404 3584 4268 4282 4296 4329 4328 4349 4376 4375 4383 4400 4419 4445 4450 4462 4470 4499 3392 3402 3406 3465 3477 3503 3547 3581 3130 1614 1171 1377 1487 1483 342 176 3578 3608 3593 1856 2164 592 4005 2137 2386 4029 3221 3778 3089 3097 3110 3127 3132 2131 4746 4788 4821 4840 4834 4860 4865 4886 44 43 4912 45 4957 4934 46 4977 47 48 2268 1976 213 350 287 1248 1284 1349 1407 1478 1479 1504 1525 1538 540 756 538 720 827 833 570 650 967 1607 1565 1702 2109 1844 994 558 1917 1842 1711 1912 1952 1903 1684 1682 1851 2797 2793 2806 2824 2823 2832 2552 3271 3362 3341 2415 3490 3858 3854 3586 3174 3750 400 601 3850 3869 3430 3198 2056 3534 3084 4487 4514 3064 3376 3403 3408 3417 3468 3488 3258 3075 618 317 1558 923 4071 4204 4153 4253 4270 4171 2659 4181 3675 3718 3736 3797 3796 3834 404 3188 3173 3195 3226 3225 3256 1038 2429 3060 2510 2219 3151 2344 3009 2928 761 760 1790 1805 3107 1850 3035 3563 675 1132 2384 2627 2264 2880 2948 3000 
1 4258 4578 4681 1873 1845 1986 1959 1943 1736 1944 1973 1852 1765 2111 1893 1719 2081 1937 2018 2519 2545 2553 1683 700 1281 332 349 1968 3877 3875 2265 251 4136 3939 3211 2878 4194 4224 4223 4249 4274 4278 4326 4347 4346 4362 4378 4393 4412 4435 4429 4434 4459 4476 4485 4498 4511 2042 3485 3513 3329 3501 3474 3462 3461 3459 2798 3003 4882 4883 4910 4891 4896 4955 4963 4956 52 4976 4993 4996 2941 1345 1815 84 4154 2316 4740 4712 4763 3449 4686 4594 4564 4603 33 34 35 36 4832 22 23 24 25 26 28 27 4759 4709 4714 4525 4533 4703 4598 2163 2157 2158 704 465 520 518 723 651 594 541 596 1644 1589 1647 1557 291 1871 1796 1934 1575 2032 2050 1658 2049 1752 2038 1631 1978 2152 2554 1329 2778 2784 2799 3304 3898 3874 3630 3900 3872 3267 3268 3113 3853 3851 3583 2872 4252 4290 4303 4358 4350 4364 4377 4401 4408 4437 4451 4480 4486 4500 3385 3407 3415 3445 3478 3504 3528 3548 3560 1581 863 769 758 385 3565 4146 3080 2496 4259 4228 3717 2092 4015 1016 3199 3777 3793 3823 3185 3133 3154 3157 4787 1209 4851 4861 4872 4898 4904 4913 4899 4905 4935 4950 4969 4968 4988 4998 504 2663 2550 181 216 
4981 81 82 4995 2952 2551 4732 4616 4512 4612 4453 4599 2487 3419 4614 4605 604 4632 4556 4519 4675 4744 2419 2431 1899 1406 1420 873 647 742 1184 1269 2632 2645 2651 2548 826 991 252 1227 1119 1419 2439 2438 2498 2455 1157 2245 2329 2421 813 811 3852 841 3912 4215 4254 4248 4265 4272 4276 4309 4323 4334 4344 4372 4391 4390 4404 4411 4410 4427 4433 3050 4479 3599 3928 3517 4927 3224 4928 4965 4979 4960 4953 4966 4975 2 4584 4769 4515 4613 1739 2006 1846 1626 2133 1769 1568 1737 1603 2007 1948 1778 2077 2063 1985 1686 2544 1654 2538 2529 2563 1050 1070 348 526 671 1529 2493 2357 3901 3871 3390 3897 2351 3598 3264 4183 4195 4208 4216 4231 4250 4275 4280 4295 4316 4356 4374 4363 4381 4406 4416 4423 4436 4443 4460 4469 3400 4490 3414 2043 3475 3514 3537 3526 3352 2211 793 3500 3499 2426 3543 4874 4884 4875 4871 4858 4876 4885 4920 4933 53 55 4997 51 2923 1431 2346 2277 2276 4561 4723 4753 4752 2172 4557 4573 4708 30 31 32 6 5 4 3 
74 70 69 67 4551 4570 4608 4828 4857 4926 4713 4633 4634 2811 2812 1970 1698 1996 1816 1997 857 2607 105 2620 2624 3263 3954 3966 3905 3525 3878 2537 2466 2398 2526 2250 2236 2332 2453 1029 4186 4191 4213 4235 4263 4292 4307 4338 4353 4370 4314 4386 2443 2359 2414 3013 1990 2126 2223 583 2412 3726 2979 4717 4626 4691 4715 4671 4670 3859 4661 4660 4716 4587 60 58 71 80 86 85 4987 83 2483 4740 4707 4811 2065 4547 4693 4621 4590 4483 4583 4527 4767 4630 3914 4575 4636 4676 1503 1773 962 1880 2076 429 559 785 786 787 2638 2646 238 1677 1051 1120 1570 1447 2437 2492 2244 1883 2366 2201 2478 1888 2212 812 2200 4187 4193 4201 4237 4242 4273 4301 4324 4335 4345 4361 4380 4392 4422 4449 4442 4441 4468 4474 4496 3124 1014 3197 2543 2445 4890 4907 4929 4941 4946 4947 4948 4961 4954 4962 
2064 4849 4682 4562 4560 4539 4540 4629 4721 4824 561 724 2774 3497 441 2584 1936 2530 1989 1914 947 759 398 425 424 4053 4062 4082 4093 4106 4117 4138 4142 4169 2339 2015 2370 2299 2237 1306 2368 2257 2239 2849 4601 4679 4680 4705 4704 4627 4653 2473 3360 4528 4581 61 63 66 4526 4571 4669 4939 2206 4622 2946 1592 1808 1949 2034 1979 1678 2612 2618 2617 2625 2629 2636 2308 3964 3947 3916 3904 490 2372 2397 2349 2312 2251 2355 2278 1571 2830 3257 4199 4220 4240 4247 4293 4286 4299 4320 4343 4366 4365 4388 4387 2361 3480 657 1136 4990 4983 4974 4991 4502 3103 142 819 2541 4507 4655 4692 4706 4555 4678 3262 4548 4651 4531 4588 72 
119 4779 3358 3663 4559 4543 4607 4631 4786 4915 382 3785 4535 4563 4538 4845 2585 2572 2573 2580 2574 421 1221 1367 2322 3751 3670 3952 4059 4058 4083 4096 4139 4143 2287 2310 2249 2300 2462 2470 2241 2393 2491 4797 4695 4534 4576 4697 4687 4689 4728 3164 2187 4665 4593 4710 4585 4586 4521 
