2744 3205 3172 407 381 2507 2506 1453 1834 3229 3253 3096 3048 244 314 365 344 1622 1641 1668 1696 1705 1706 1746 861 2725 2613 2775 2741 1357 1326 281 346 347 2771 2159 3094 3046 3243 
234 2910 2207 1333 2204 3516 2460 2505 3550 900 1811 659 2353 2343 3252 3112 3077 3065 3036 606 2182 328 364 414 467 1639 1695 1726 1727 1823 1786 1837 1849 1838 1859 1860 1825 1826 2697 2591 2700 880 1370 104 168 286 3214 3181 2319 2528 1789 3254 3099 3123 3111 3070 280 331 366 1642 1674 1675 1676 1266 2724 2596 2756 2694 
263 273 818 2751 2710 2656 123 1311 2675 2701 2666 1254 146 1347 1831 1513 128 1205 1879 87 2167 310 266 2348 2699 2225 355 2280 2080 4674 4694 4729 4720 4737 4742 3484 367 4808 1638 1662 1713 1743 1812 1800 1784 1876 1884 796 2531 1921 2525 1907 937 1792 169 188 2296 3172 3153 3087 2648 639 3423 1325 2405 2290 1396 2246 3242 3053 3037 2994 261 330 365 415 1640 1653 1641 1668 1696 1728 1745 1774 1775 1787 1801 1814 1802 1824 1731 170 2763 2792 2630 1357 2691 
186 1843 193 2183 2324 192 4617 4638 4657 4684 4673 4701 4726 4734 4755 4764 4799 2499 1694 1724 1758 908 1822 1857 1905 1919 1935 1965 1966 1988 2670 1657 2577 2565 2583 2071 1492 205 113 1361 131 2786 2662 2695 232 2588 2693 2639 329 2224 1036 92 118 1123 340 1150 1362 2178 136 117 1272 2590 2785 2702 430 1370 1372 2593 1061 1062 2727 1356 269 547 2754 2753 2748 3550 2416 3426 2461 649 659 1383 2342 3129 4606 3078 3104 4736 4756 2182 363 412 1629 1663 1703 1714 1744 1785 1813 1847 1885 1906 1886 1887 1896 1897 944 1898 276 
2436 2331 2279 2008 107 2100 2110 2190 3451 2558 4724 2571 2379 2622 2621 410 479 534 588 668 780 868 906 960 920 990 637 1010 2149 2734 2726 2712 2746 2752 2733 173 1055 545 574 2073 2033 927 913 272 309 2750 2780 2423 2765 3918 1264 189 242 227 2633 2634 2557 2631 3790 3789 3762 3775 3809 3808 3829 3819 2592 2093 2601 87 2326 183 1464 266 2348 2699 1213 3212 4640 4649 2069 4685 4702 4735 4768 4773 4800 1652 1673 1651 1725 1759 1799 1812 1836 1875 1895 1920 1884 796 2531 2546 2542 2532 2566 2567 1861 273 177 1288 2671 2710 2656 123 2675 2728 2001 299 2193 2286 396 130 89 185 318 623 157 
392 2230 3156 3167 3250 3049 3069 455 533 587 627 687 752 779 822 866 904 905 936 919 959 1009 988 1048 1101 1080 1118 321 219 262 2735 2719 2709 2683 2732 1103 2306 2059 2025 1791 482 1923 513 2106 2107 2113 2114 2108 2103 966 928 207 3231 2255 3822 3791 3544 4336 4196 3936 3922 2606 2341 143 2594 730 152 2626 2678 2755 2757 2999 3696 3695 3672 3694 3732 3745 4047 708 3275 4023 2920 4027 3806 3818 3845 2233 2454 91 1340 136 323 3631 371 2324 192 2336 2403 4700 4725 4733 4754 3200 457 480 555 688 669 781 824 869 1108 921 876 961 1421 1137 1994 2720 2714 834 2576 1781 2540 2040 2054 2654 259 285 2653 2781 2759 3613 2610 2695 2660 301 210 2643 3820 3833 3832 3831 3830 1358 971 1362 289 306 
488 829 335 336 2142 1693 2144 2145 2161 2146 1104 1068 996 110 446 2972 3763 3733 3625 4012 2909 4179 735 4127 1501 284 271 848 910 3842 2817 2285 2302 202 154 178 111 2188 2177 3148 3201 3159 3073 3074 453 531 586 665 751 845 864 865 903 958 1045 1100 1128 1145 1156 1197 1240 746 1220 187 109 333 550 2738 449 2802 1294 2684 2333 3953 3990 3984 3977 3968 3974 554 3949 3247 3943 3941 1840 907 433 789 2240 2218 1341 2420 2616 2674 2717 498 397 369 2973 3539 3574 3555 3573 3552 3572 3591 3606 3605 2002 860 2017 460 749 4239 707 4088 4284 838 799 800 3803 3816 3828 88 2039 3344 2179 3171 3238 3135 3051 3045 502 534 667 714 765 805 823 867 885 906 960 989 1049 1089 1027 1028 2769 2767 2705 2746 2752 2655 173 508 388 391 1182 484 1586 2088 2089 2090 2091 2102 948 949 272 309 2750 2796 3697 3821 3470 3240 3934 3927 2978 2605 145 2676 242 2679 2680 1491 2096 3714 3762 3747 3761 3788 3122 3121 3786 3276 3807 3509 3846 2313 2208 326 2463 250 
160 1250 881 611 1530 2402 2261 2260 2262 2672 2807 135 133 2005 2962 3495 3494 3454 3453 3439 3471 3438 3452 3482 3507 162 493 862 218 97 302 1307 3915 3649 2708 4010 4006 3994 3971 3970 3965 4078 4319 4061 2060 3142 4042 4024 4168 4038 4147 3706 3303 3684 3741 3740 3815 3839 2272 304 379 2170 2217 2087 2168 3170 3177 3191 3196 2722 3100 2986 3025 584 585 662 686 750 844 901 935 956 986 1025 1060 1079 1099 1144 1195 1196 1274 1257 1275 1313 1314 1343 1332 255 114 2409 264 392 2202 1839 115 2215 3166 3223 3250 3049 3069 3106 455 454 587 666 713 803 821 866 904 975 1008 1046 1047 1088 1101 1146 1147 1118 374 747 731 2599 149 2737 2762 2683 2682 1103 2745 3982 877 198 339 1052 1015 4144 3940 1533 2303 2320 143 150 153 2677 2626 2678 2686 2810 2993 297 3607 3612 3623 3651 3622 3650 2628 859 3713 2955 1593 774 4043 4099 4023 4101 4027 3804 3817 3844 3843 
603 167 3346 3673 4120 4203 2985 1874 734 345 229 1139 1386 1056 2046 1732 1553 1632 1730 1717 1552 1646 1890 1122 1105 191 423 1035 847 2141 2143 2135 2136 2139 1037 995 928 980 3145 3007 3244 3776 3749 2942 4313 4178 4141 4336 1268 4207 487 661 
298 311 621 148 3168 2522 4766 4784 2974 4827 4848 625 710 801 2921 842 933 954 1022 1023 1077 1114 1127 1141 1165 1166 1181 2938 2934 2944 2041 240 239 2082 1363 1402 1446 1522 1471 1472 1434 978 726 237 172 125 94 3374 3787 300 2228 3727 2189 2328 3365 4017 4009 3996 3988 3985 3975 3961 3959 3957 4063 4064 3079 2345 2338 2400 4098 327 3629 3658 3682 3739 3782 3800 222 2288 98 320 220 2802 201 2352 2684 2333 3995 3991 3983 3978 3969 3248 4246 762 677 4239 4057 2906 4088 4284 4164 2520 2270 2649 3705 3772 3783 3802 3771 3801 3841 3840 2340 307 147 208 303 3331 2281 3160 3201 3227 3101 3076 3030 2956 553 645 663 733 820 884 902 957 987 1026 1044 1116 1155 1168 1238 1239 1258 1259 1276 1295 447 127 450 99 
2184 3636 2085 2097 3067 3165 2578 2524 233 372 1460 411 1868 1316 1922 1929 1953 1821 1747 575 1697 1733 2013 1202 1160 375 132 110 446 2169 3674 3625 4012 4210 4197 3190 1611 909 910 2335 690 940 1829 1828 1693 1554 2156 1633 1556 2162 1777 1092 1084 174 
2669 2604 2485 2935 3389 3412 3398 3380 3418 3397 3388 3396 2924 699 3847 359 1692 620 1398 2165 2173 2174 2166 2198 256 228 124 362 1422 1251 968 870 406 2231 855 2422 2616 2715 2717 498 397 369 2940 3473 3539 3533 3520 3493 3492 3518 3508 3566 
2661 2154 2681 2037 2773 3335 3334 3333 3332 3325 3323 3318 2028 530 1448 2481 916 676 2358 2293 2413 2294 582 658 681 2673 126 1430 2147 3204 3425 3424 3411 3453 3439 3471 698 697 2256 4566 4568 390 2555 972 1530 2275 1085 2199 2262 2672 2776 1291 
197 195 338 95 3420 3330 3489 2232 3707 3760 3784 3354 3639 3700 4018 4002 3999 3993 3987 4113 643 2995 4103 249 1788 4124 4134 361 3213 3601 3620 3647 3680 3723 3758 3825 322 1290 102 579 1305 121 4758 4777 4805 4837 4852 4889 4879 4924 4938 4952 4951 2521 1041 1059 1125 1178 1206 3044 2925 2905 2889 2883 3182 2890 2918 2789 1499 2897 1521 1512 1532 890 512 695 226 2640 308 194 212 144 159 2392 1908 1716 3021 3196 3102 3095 3025 626 644 732 764 802 934 955 1007 1024 1043 1078 1060 1142 1143 1217 1236 1237 1256 3131 1331 1342 1376 1432 1418 1433 1364 1390 255 551 1174 577 231 302 496 1307 3938 3915 3649 2084 4016 4011 4008 3998 3992 3979 3972 3963 798 4078 3142 624 4168 3322 182 4028 4030 4065 3303 2698 3684 3659 3683 3740 3759 3813 3827 3838 2254 
3614 3592 3575 2055 4508 709 685 4488 656 1309 719 1610 1317 1766 1833 495 2011 1608 1889 1756 1755 1797 1299 1282 1263 2731 167 3346 494 3635 3261 292 360 2044 2985 593 345 229 578 1544 1832 1071 1794 1793 1729 1730 1551 1717 1552 576 2053 1890 1203 993 337 353 2743 
101 552 3913 3920 2362 3364 3866 1245 3712 3708 3895 3676 2305 3236 3361 90 1580 2900 3193 4205 4140 4114 4102 4369 4067 2968 1371 3235 4110 4050 4206 3609 4080 2658 3677 3701 3738 3755 3799 3836 2330 4730 4747 4748 4776 4791 4804 4817 4830 4847 2586 4895 1804 3105 3047 2965 456 1075 1112 1140 1190 1211 1232 2997 2703 2898 3019 1216 3081 1374 1388 2907 1416 1457 1458 1510 1271 2857 2853 1082 1548 652 674 889 849 633 1319 1212 1253 405 500 499 179 580 93 158 3374 3787 3665 2228 3997 3855 2328 3347 3286 4017 4009 4001 3986 3980 3241 3961 3948 3427 2338 2400 775 4098 2963 4125 4037 3610 3621 3648 3681 3724 3703 3769 3781 3826 1542 1308 108 1252 891 475 4750 4751 4778 4806 4819 4838 4856 763 3652 2921 918 953 985 1042 1087 1153 1154 1164 1179 2960 2991 2947 2885 3149 2895 2896 1444 1302 2915 1445 1446 1486 1522 1523 1524 673 1476 978 180 203 260 172 
591 1083 2447 2556 2477 274 2517 341 106 230 2600 151 2783 2704 3311 3310 3307 3300 3314 3306 3305 3026 744 1149 161 96 124 2669 2604 2935 3371 3370 3369 3368 3379 3388 3359 2434 2861 3847 359 2547 973 358 1964 2209 2226 2227 256 228 
2115 3557 3541 3887 3015 4495 4494 4493 4466 325 1315 402 408 1757 2122 1772 1915 1927 2128 1928 1998 1566 1573 1129 137 2874 2085 1520 2761 776 2058 372 792 1318 1582 1783 1598 1700 1821 1747 1697 1720 1882 617 1224 2795 138 
4491 3981 2396 1578 3180 4177 4149 4129 4165 4159 2665 4116 4039 4305 1519 4176 2125 4100 4068 4182 4048 3496 3737 3811 4022 4765 4782 4790 4796 4823 4842 4846 4615 3012 2977 2939 3098 3144 2992 2777 969 1005 1086 1111 1152 1188 1231 2917 2996 2957 2937 3071 1413 1414 1456 1508 1470 1496 1528 595 736 672 608 1350 851 428 445 464 1605 439 854 1601 757 288 2873 2865 1310 1293 1324 377 1289 354 2374 3596 3863 3349 1243 3450 3455 1244 3456 1600 3911 3870 1699 4482 95 3931 3420 3330 3353 3642 3458 3942 3686 3687 2511 3932 3350 3266 3589 4019 1951 3367 2191 4040 4113 3259 4091 4104 1960 2969 4026 3091 4109 4045 3601 3619 3628 3679 3702 3757 3756 3780 322 501 1360 4749 4772 4792 4818 4836 4864 4889 4879 4923 4937 2936 727 1006 1058 1076 1113 1163 1191 1192 2891 2959 3134 2922 3040 2911 2912 1389 1428 1215 1429 1459 2789 2867 1378 982 1531 689 635 634 600 695 217 324 247 357 246 211 476 196 195 338 
1735 1379 3498 3989 4467 4447 4439 943 717 2023 204 2391 1969 1691 200 2838 2579 3567 2055 4508 4503 4488 655 1230 1610 1750 2252 2155 1904 1608 1545 1756 1755 1617 1130 
236 163 241 2723 3294 3293 3290 3287 3280 3284 3279 3283 3282 3090 1193 1229 619 270 1280 2562 835 2711 2595 458 879 965 1753 2449 2450 2468 2442 582 658 622 2611 2736 2154 1233 1366 2194 3321 3320 3315 3326 3325 3319 3317 3313 743 2380 
1995 2598 2597 2852 3945 3058 3175 683 1201 3930 2513 2360 2101 1034 106 230 448 134 2687 2887 2882 3292 3297 3300 3291 3306 3296 3295 3289 4014 505 1296 2127 2556 2523 2508 1991 2517 341 
4126 4234 4368 682 2129 3779 642 4801 4802 4816 4825 4841 4600 4866 5001 2354 2317 116 2229 2309 275 1327 2035 527 846 535 837 896 915 1004 1021 1074 2916 1186 2902 2901 3038 2926 1354 2904 2971 1424 2866 1466 1454 1467 1494 1518 1541 511 573 926 871 872 1262 560 599 514 613 858 830 614 1012 888 887 1707 1298 2615 2843 2851 2864 2858 2876 1235 452 451 2382 3448 3441 3336 3950 3432 2472 3890 2238 4089 4395 2692 3382 2273 3588 3594 3595 3709 2118 3005 409 100 1627 3016 4170 4226 4158 4131 4132 436 1902 4076 4260 129 175 748 1718 3125 4188 4135 4173 4174 4233 4054 4351 4105 4032 343 4050 4161 4066 4080 4070 4069 3176 3722 3755 3754 3799 4739 4121 4761 4762 4783 4804 4817 4843 4847 4863 2587 2914 2356 3020 3047 2965 1040 1097 1098 1140 1177 1189 1211 532 2997 2703 3019 3039 1387 1399 1415 1427 1484 1497 1509 767 607 2837 2835 2989 2652 852 701 816 674 1461 739 737 221 1375 1292 1234 931 1303 497 356 477 3373 3338 2452 2315 3272 3531 3644 3643 3355 2221 3483 3895 3668 1956 
938 939 2533 2509 141 3184 3535 3523 3522 3512 4458 4478 609 434 1894 917 2222 1602 1928 1930 1566 1869 
206 2711 2595 2739 1397 3278 3277 3285 3287 3280 3273 581 305 254 1835 1280 394 
223 3206 3158 316 2457 277 2716 1208 2821 2304 376 2690 1032 2879 745 1680 856 951 1850 1001 1019 2980 2881 2908 2892 2919 2688 1301 1337 1352 1381 1408 1438 1480 1481 1517 797 766 597 598 807 809 563 539 718 912 1090 1560 2004 1335 1863 784 768 589 1767 1754 1661 925 924 1682 1630 1107 2814 2825 2833 2855 2850 2854 2552 2469 3862 3656 3865 3944 3366 3128 4304 4003 4269 3357 3561 2482 2467 3773 3270 3515 3342 3730 3929 3587 3409 3386 3405 3436 3447 3469 2214 1597 2816 3066 4217 4180 4152 4151 4087 4128 4055 1910 2932 4079 4034 3192 2945 3798 740 278 4175 772 3721 3720 3753 4022 4781 4775 4770 4803 4810 4835 4855 4862 3093 2893 3083 2988 3413 3410 2289 2036 897 930 984 1086 1110 1175 1187 1210 2917 2961 2966 3028 2958 1425 1426 1440 1455 1468 1495 1507 1526 416 1405 693 615 736 492 853 1131 828 1065 703 1054 1053 1000 653 1246 2801 1304 2860 2859 1273 2870 1214 1324 377 1289 354 3265 3597 3596 3863 3615 3348 2323 1243 3921 3698 3085 4409 3917 3743 3688 3645 3710 3981 660 2396 1578 4112 4031 4149 3119 4108 4130 2665 4025 4035 3220 4077 1519 4176 2125 
395 1924 1588 2027 2269 3638 4440 438 2047 
3060 2510 3032 2929 3009 3017 2984 2186 4610 1412 3107 2440 3035 3563 675 1132 4591 4452 2627 1993 2880 2948 3043 287 1248 1284 1349 1407 1478 1479 1516 1525 702 463 691 831 756 538 964 827 833 570 650 1958 1604 1565 1702 2109 1844 994 1931 1864 1950 1940 1615 1912 1681 1992 1867 1851 2072 2787 2806 2805 2822 2832 2552 3457 3876 3341 2415 3490 3858 3854 3586 3174 3750 400 601 3850 3869 3627 3198 2056 3534 3962 4487 4514 3222 3004 3403 3395 3416 3435 3488 3258 3075 2635 1558 923 4071 4244 4204 4153 4253 4270 4171 4291 4189 2913 4198 3718 3736 3797 3796 3834 2192 3188 3173 3195 3226 3225 3256 1038 2429 2803 224 3246 3147 2411 2234 2117 253 640 2747 3521 2180 1359 1506 528 794 836 929 983 1003 1020 1057 2982 2930 1109 2975 3010 1249 1286 1321 1353 1395 1409 1423 3056 313 1505 1540 716 1518 566 754 536 926 1392 808 1091 646 628 2009 2061 1222 1768 942 970 887 1853 1707 1298 2826 2818 2828 2834 2856 2858 2869 2868 2875 3884 3848 3689 3925 3654 3671 3956 3432 2472 2456 4312 3345 4359 4163 3744 2758 3382 3530 3849 3603 3774 3861 3372 3422 3437 2369 1618 1627 2815 4232 4155 4119 4118 1902 2068 1594 4041 2933 4145 3207 4815 4822 741 2819 
4579 4731 3027 462 1563 1066 2086 2104 4595 4532 2157 2158 1067 832 648 679 417 543 783 1261 1710 1644 1577 1762 1648 1557 1820 1866 1796 2003 1933 1599 1616 1999 1941 1660 1780 2062 1667 2152 2112 2779 2790 2778 2800 2808 3304 3898 3641 3457 3867 3902 3872 3267 3363 3316 1477 3873 3893 3356 3973 3976 3624 4317 4341 4358 4357 4384 4398 4431 4471 4455 4480 4505 4504 4500 3055 3385 3393 3434 3466 3486 3528 3529 1947 1330 2387 3136 4072 4209 4279 4259 4228 2164 2092 3678 3274 3340 3752 3646 3794 2569 2664 3154 3163 3187 3162 3765 4851 4834 4860 4872 4887 4913 4899 4905 4893 4894 4914 4944 4936 4964 4973 4969 4999 504 2663 181 21 22 24 25 18 248 2514 2219 3151 2344 3008 2928 761 760 1790 1805 1850 1878 1002 2516 2384 3116 2976 2264 3018 2964 3001 3000 1207 1265 1300 1369 1393 1436 1449 1463 1504 1490 1538 540 565 564 720 721 481 557 572 967 1607 1606 1549 2052 738 558 1917 1842 1711 1722 1952 1903 1684 1682 2794 2797 2793 2813 2824 2823 2850 2854 2875 2469 3271 3362 3656 3865 3881 3944 3637 3857 3742 3960 3868 3399 399 401 2863 3510 3773 3430 3899 3343 3664 3084 3378 3064 3376 3404 3436 3408 3417 3468 3479 1585 618 317 3006 3249 4227 4152 4185 4060 386 4056 4122 2659 4181 3675 3719 3767 3824 3835 1620 404 3218 3232 2983 2406 2016 293 2721 1039 1208 
4021 2074 4342 38 2171 14 4565 13 12 11 9 4597 7 2235 4637 1891 4569 1133 1403 519 722 1579 1576 1942 1715 1591 1635 1550 1916 1872 1770 1982 1955 1954 1547 1795 1985 2051 1689 1655 422 1562 2529 1932 2539 2564 1198 1967 443 911 2160 1334 1807 3908 3886 3634 3907 3891 3729 3667 3626 2404 3584 4268 4282 4296 4329 4328 4349 4376 4375 4383 4400 4419 4418 4430 4450 4462 4470 4499 3392 3391 3421 3433 3476 3477 3503 3546 3581 3130 2877 3582 1377 1487 1483 342 176 2842 2841 3608 3577 2123 4150 2549 3640 592 4005 2137 2386 4029 3221 4094 4219 3089 3097 3110 883 2131 4746 4788 4814 4840 4834 4860 4865 4886 44 42 45 4957 46 39 50 49 3239 2181 1976 213 352 4283 19 605 4718 997 2820 1320 2014 2029 2075 2105 2148 1514 1537 630 610 483 694 524 387 389 850 544 418 1572 1636 1958 1604 1169 1649 1650 894 1819 1975 1612 1672 1864 1950 1940 1615 1912 1681 1817 1992 1867 2019 370 2787 2806 2805 2804 2822 2831 3903 2552 3271 3876 2515 3880 3856 3728 3685 3883 3896 2066 3660 3935 3967 1183 3337 3655 507 3210 4385 3711 2534 4456 4472 4481 4501 3222 4513 3029 3375 3394 3416 3446 3467 3505 3463 1267 2446 2430 3138 3137 4156 4189 4218 2913 4212 3717 3716 258 3766 3795 770 2318 2175 3194 3217 3216 3215 4861 4888 4873 4878 3063 3062 3146 4900 4906 4650 4945 4958 4970 4978 4989 5000 3909 1170 1132 20 3339 
4 3 4647 4545 4515 3143 1739 2006 1846 1626 2133 1769 1568 1737 1709 1948 1778 2077 2063 1719 1686 1654 2538 2553 1683 1050 1070 1281 526 671 1529 2493 2357 3901 3871 3897 2351 3598 3264 4183 4195 4208 4216 4231 4250 4275 4280 4295 4327 4356 4374 4394 4381 4416 4417 4436 4443 4460 4476 4490 3414 2043 3475 3502 3559 3545 3540 2589 2211 793 3500 3499 2426 3542 3568 4874 4884 4875 4871 4854 4839 4820 4809 4793 4844 4859 4877 4911 4920 54 39 53 52 4976 4997 51 2923 427 1431 2346 2277 2276 4561 4723 4753 4752 2172 4557 4573 3155 29 30 10 31 32 33 34 23 24 3126 4868 28 27 4759 4709 4714 4549 4533 4703 2220 2163 725 704 465 520 518 723 651 568 541 1708 1589 1647 1557 291 1871 1796 1934 1575 1983 1764 1658 2049 1643 1631 1978 2152 2554 1329 2778 2784 2799 3910 3898 3874 3630 3900 3888 3268 3113 3853 3851 3583 2872 4252 4290 4303 4358 4350 4364 4377 4401 4408 4437 4445 4451 4480 4486 4500 3385 3402 3406 3465 3478 3504 3547 3560 1581 1614 1171 758 385 3565 4146 3080 3578 2496 3593 1856 2164 2092 4015 1016 3199 3777 3778 3793 3823 3185 3127 3132 3157 4787 4821 1209 4851 4861 4872 4898 4904 43 4912 4913 4934 4969 4968 4977 47 48 2268 2550 181 350 2373 
37 4625 4552 4553 3914 4558 4643 2364 1574 1938 1502 1546 1625 1973 1972 1961 1669 1751 1734 2020 2000 1926 2018 2519 489 1977 700 636 2140 2424 2385 2265 2244 2325 2479 3014 2878 4202 4224 4223 4238 4255 4277 4325 4315 4340 4373 4380 4396 4399 4405 4429 4434 4459 4475 4498 4509 2271 3120 3491 3731 1365 3429 3428 3442 4870 4881 4908 4917 4909 4918 77 4942 4949 85 4987 1815 84 83 2316 4740 4811 2065 2022 4648 4537 4524 4589 4699 393 4832 5 4757 4546 4517 3233 1475 1133 1561 1974 2031 1810 1942 1590 2132 1854 1688 1645 1748 1971 1865 1841 1685 1985 1671 2012 1655 422 2529 2563 2564 1198 348 443 1199 1535 2274 2407 3634 3907 2247 3889 3882 3328 2943 3202 3203 4225 4251 4257 4281 4289 4302 4348 4375 4382 4407 4413 4418 4444 4454 4470 4461 4499 4469 3400 3401 3421 3476 3503 3527 3546 3569 3580 3579 3309 2203 3551 2842 3524 3536 3577 3558 3576 139 140 4425 4420 4331 4330 4311 4829 2295 3189 4812 4438 3616 4667 4789 4794 4813 4833 4860 4865 4892 4902 4921 41 40 42 45 47 50 55 3251 469 2464 2347 352 4645 4644 3031 4867 503 15 16 13 12 11 9 4683 8 6 
80 81 82 4995 2952 2551 4707 4732 4616 4512 4693 4612 4453 4599 2487 3419 4583 4605 604 4632 4556 4519 4675 4636 4744 2419 2431 1899 1880 2076 429 647 742 1184 1269 2638 2645 238 2548 826 1051 991 252 1227 1119 1419 2439 2438 2498 2455 1157 2245 2478 813 811 2200 4187 841 3912 4215 4254 4248 4265 4272 4276 4309 4323 4345 4344 4372 4391 4390 4404 4411 4410 4427 4441 4433 3050 4479 3599 3928 3197 2543 3224 4928 4929 4941 4946 4953 4948 4966 4975 4962 1 4258 4578 4681 1583 1873 1845 1986 1959 1943 1944 1603 1852 1765 2111 1670 1719 2081 1937 2544 2545 2553 1683 1070 1281 332 349 1968 3877 3875 3390 251 4136 3939 3211 4183 4194 4216 4231 4249 4256 4267 4278 4326 4347 4346 4362 4378 4393 4412 4415 4435 4460 4476 4485 3414 4511 4510 2094 3329 3699 3444 3443 3460 2410 3003 4882 4883 4910 4891 4896 4919 4943 4963 4982 4992 4996 1345 1431 2346 4154 4723 4712 4763 3449 4686 4594 4564 4603 35 36 3 2 
63 66 4518 4571 4609 4798 4939 2390 3150 2263 1659 510 1247 2010 1862 1148 1564 1679 1555 2609 2612 2618 2625 2636 2308 3964 2668 1013 886 1391 1380 2458 2372 2321 2349 2488 2251 2355 2490 1571 2195 2830 3257 2451 4200 4221 4241 4264 4294 4300 4333 4321 4354 4366 4365 4388 3481 3117 1411 2367 2570 4990 4983 4974 4991 4502 3103 142 4994 1628 2953 819 2541 4507 2307 4692 4706 4536 1161 4623 4531 4588 4658 3600 62 76 86 85 4987 83 2483 4740 4811 2065 4547 2022 4621 4590 4483 4589 4628 4527 4767 4630 3914 4575 4642 4676 1503 1773 962 1972 1881 2078 1255 559 785 786 787 795 2647 2646 1913 1228 1677 489 1977 1120 1570 1447 2437 2492 2244 1883 2366 2201 1888 2212 812 4184 4193 4201 4237 4242 4273 4301 4324 4335 4373 4361 4380 4392 4422 4449 4442 4468 4474 4496 3124 1014 1365 2445 4890 4907 4916 4947 4930 4961 4954 79 78 
74 70 69 73 4551 4550 4608 4828 4926 4713 4520 4634 2811 2812 1656 1063 1996 1816 2581 1559 2559 1384 3611 3263 3604 2176 3669 3919 3906 3525 3878 3860 2527 2466 2497 2526 2388 2399 2504 2332 2350 2375 444 4191 2394 4230 1226 4261 4292 4306 4338 4370 4314 4352 2311 2417 4046 2414 3013 548 2223 583 2412 3726 2979 4717 4626 4688 4690 4671 4670 3859 4661 4574 60 58 71 64 65 4516 4675 4635 4738 4831 4940 2337 1406 963 629 509 459 874 979 1348 1462 440 2575 2619 2637 2641 2644 2650 2667 825 368 546 562 2439 2459 2381 1624 2314 2334 1344 2196 2267 3715 4214 4236 4265 4276 4309 4322 4308 4339 4355 4360 4367 4389 4402 4421 4426 3050 1410 3692 3691 3209 2561 4959 4965 4979 4967 4980 4984 4985 4972 4975 4981 4986 4995 2952 1339 2551 4732 4492 4512 4612 4453 1162 4619 3141 4582 4605 604 4620 
71 74 75 4779 3358 3663 4540 4629 4721 4786 4922 4915 382 2774 3497 4538 4845 2585 2572 2573 2580 1989 1914 947 421 522 1221 1367 398 425 3751 3670 3952 4059 4083 4096 4139 4133 2287 2339 2249 2301 2300 2299 2237 2470 2241 2393 2491 2377 4797 4695 4534 4576 4697 4318 4542 4541 4689 4728 3164 2187 4665 4593 4710 4585 4586 56 61 63 67 4526 4570 4669 4857 2206 4622 4633 2946 1592 1808 1970 1698 2034 1979 1997 857 2607 105 2620 2624 2308 3954 3966 3905 3904 490 2537 2397 2398 2312 2251 2250 2236 2278 2453 1029 1030 4186 4199 4213 4235 4262 4263 4286 4307 4343 4353 4365 4388 4387 4386 2443 2359 3480 657 1990 2126 4991 4502 3103 142 819 2541 4507 4655 4692 4691 4715 4555 4678 3262 4548 4660 4716 4602 4587 72 
426 4051 4074 4085 4095 4137 3662 4148 3281 2433 2284 2465 2489 892 2298 4580 4523 4880 4592 4659 4432 4528 4666 4192 4850 875 1587 1106 1809 265 2827 2134 561 632 1081 696 1892 790 2045 474 680 57 58 61 63 70 4559 4543 4607 4631 4828 4925 4727 3785 4535 4563 4780 1656 999 1996 2568 2574 2581 1900 2559 1279 1200 2322 2176 3669 3919 3894 3879 3549 4086 4097 4107 4123 3511 2408 2399 2310 1740 2213 2462 2474 2363 2432 3810 4285 4298 2259 2401 2486 4652 4577 4722 4698 4641 4529 2383 2205 4717 4626 4688 4690 4572 4670 3506 4664 4530 4554 
424 4052 4062 4082 4093 4106 4117 4138 4142 4169 2480 2371 2370 2299 2782 1138 4672 2849 4611 4618 914 2473 3360 4710 4581 2064 4696 4849 4785 1984 4562 4560 4539 4567 4824 4786 4915 724 2030 441 2584 1936 2530 1989 1914 759 1242 1534 
