0:
1:
2:
3:
4:
5:
6:
7:
8:
9:
10:
11:
12:
13:
14:
15:
16:
17:
18:2504 -0.317452 0.655137 -0.362409 4180 -0.378647 0.701103 -0.411542;168 -0.328863 0.66327 -0.361158 4126 -0.392548 0.701374 -0.411359;122 -0.340919 0.670438 -0.359868 3991 -0.405263 0.696273 -0.412991;3998 -0.353732 0.675993 -0.35894 4835 -0.416977 0.689299 -0.415325;4010 -0.36751 0.678652 -0.358753 5457 -0.426624 0.679811 -0.41859;3962 -0.381449 0.679486 -0.358972 5451 -0.427537 0.66484 -0.423555;3962 -0.38229 0.679484 -0.358993 5449 -0.426692 0.663898 -0.423836;3962 -0.38229 0.679484 -0.358993 5449 -0.426692 0.663898 -0.423836;3851 -0.394802 0.676271 -0.360271 5448 -0.409441 0.653782 -0.424557;4731 -0.407296 0.670401 -0.36225 5446 -0.390964 0.643146 -0.424937;4591 -0.418138 0.662099 -0.364849 5462 -0.376703 0.627689 -0.427932;5458 -0.426842 0.651639 -0.368364 5445 -0.368319 0.608457 -0.431873;5500 -0.428128 0.637404 -0.373034 5432 -0.362985 0.588627 -0.435415;
19:
20:
21:
22:
23:
24:
25:
26:
27:
28:
29:
30:
31:
32:4115 -0.250754 -0.371537 -0.0199476 9561 -0.285285 -0.494165 0.120437;5192 -0.249079 -0.37739 -0.00226634 9562 -0.299983 -0.49166 0.141245;5218 -0.24492 -0.382266 0.0153305 9565 -0.308779 -0.488807 0.16366;5216 -0.238573 -0.389349 0.0317734 9567 -0.317716 -0.486026 0.184983;5242 -0.236149 -0.39879 0.0480254 4811 -0.325436 -0.482263 0.207245;4663 -0.23797 -0.409437 0.0632428 8822 -0.323881 -0.479318 0.228532;4663 -0.238153 -0.410093 0.0641406 8822 -0.323781 -0.479143 0.229807;4663 -0.238153 -0.410093 0.0641406 8822 -0.323781 -0.479143 0.229807;3706 -0.24434 -0.421367 0.0761094 5181 -0.320519 -0.477172 0.249029;6154 -0.250555 -0.43371 0.0888245 9829 -0.313746 -0.477016 0.267803;3534 -0.256624 -0.446035 0.101637 9829 -0.305 -0.478114 0.285548;4009 -0.266051 -0.448947 0.119812 5094 -0.292193 -0.481292 0.300882;3158 -0.282396 -0.444679 0.140579 9754 -0.27545 -0.485185 0.312735;
33:
34:5037 -0.343245 -0.458618 0.0233117 9947 -0.356878 -0.498474 -0.0108004;9252 -0.342956 -0.476549 0.0364341 9394 -0.332311 -0.50218 -0.0136933;9436 -0.325312 -0.497201 0.0415455 9395 -0.30955 -0.503138 -0.0149382;9435 -0.300472 -0.500514 0.0416774 9434 -0.28782 -0.503337 -0.0133218;9522 -0.279175 -0.501397 0.0474871 9506 -0.267434 -0.503673 -0.00841048;9557 -0.259327 -0.502043 0.0553651 9521 -0.247806 -0.503537 -0.00228105;9557 -0.258242 -0.502087 0.0559931 9521 -0.246726 -0.503583 -0.00173362;9557 -0.258242 -0.502087 0.0559931 9521 -0.246726 -0.503583 -0.00173362;9626 -0.244175 -0.502899 0.0682477 9625 -0.230501 -0.50406 0.00761212;9684 -0.235929 -0.503397 0.0864167 9658 -0.213984 -0.503872 0.0182625;9685 -0.232692 -0.502403 0.107041 9681 -0.201115 -0.501567 0.0318102;9645 -0.229074 -0.501238 0.127561 66 -0.194124 -0.496933 0.0497339;9709 -0.239346 -0.499534 0.149118 66 -0.190157 -0.495907 0.0689211;
35:7701 -0.24169 -0.491238 -0.156765 9622 -0.191428 -0.504432 -0.122984;7515 -0.263137 -0.492159 -0.150255 9540 -0.210332 -0.504832 -0.12069;3236 -0.286024 -0.48992 -0.139166 9502 -0.230451 -0.505135 -0.112169;8334 -0.310864 -0.484259 -0.12917 9466 -0.250071 -0.505007 -0.102741;8309 -0.334998 -0.479343 -0.115757 9449 -0.263822 -0.504684 -0.0874024;8204 -0.348205 -0.478552 -0.0961356 9504 -0.248798 -0.504948 -0.0802199;8204 -0.348693 -0.478587 -0.0949107 9504 -0.247968 -0.504908 -0.0795457;8204 -0.348693 -0.478587 -0.0949107 9504 -0.247968 -0.504908 -0.0795457;8179 -0.356135 -0.479215 -0.0757304 9504 -0.234964 -0.504281 -0.0689851;4847 -0.369285 -0.474685 -0.0535446 9556 -0.222308 -0.503845 -0.0626307;4889 -0.370493 -0.477733 -0.0341781 9607 -0.213319 -0.503938 -0.0486597;870 -0.372842 -0.482891 -0.0163267 9624 -0.199127 -0.504179 -0.0376155;9947 -0.356878 -0.498474 -0.0108004 9624 -0.184174 -0.504346 -0.0278902;
36:
37:
38:
39:
40:
41:
42:
43:
