-0.378647 0.701103 -0.411542;-0.360583 0.689668 -0.396969;-0.358567 0.687935 -0.395384;-0.347342 0.679598 -0.386535;-0.334141 0.670597 -0.376171;-0.331859 0.668738 -0.374336;-0.325762 0.663052 -0.369304;-0.317452 0.655137 -0.362409;
-0.392548 0.701374 -0.411359;-0.382549 0.697653 -0.403218;-0.378839 0.69662 -0.400009;-0.362447 0.686455 -0.387601;-0.358246 0.684656 -0.38432;-0.337539 0.670554 -0.368139;-0.330773 0.66505 -0.362727;-0.328863 0.66327 -0.361158;
-0.405263 0.696273 -0.412991;-0.392807 0.695804 -0.399839;-0.385072 0.693014 -0.393724;-0.37646 0.690712 -0.386483;-0.366483 0.684621 -0.379186;-0.354348 0.679517 -0.370006;-0.341008 0.67051 -0.359937;-0.340919 0.670438 -0.359868;
-0.416977 0.689299 -0.415325;-0.416366 0.689453 -0.414483;-0.41414 0.690076 -0.411312;-0.413857 0.690194 -0.410846;-0.410993 0.690128 -0.407903;-0.390741 0.68968 -0.387072;-0.387499 0.688551 -0.384593;-0.374227 0.685165 -0.373786;-0.370373 0.682853 -0.371075;-0.353732 0.675993 -0.35894;
-0.426624 0.679811 -0.41859;-0.426413 0.680262 -0.417613;-0.418699 0.682909 -0.407481;-0.41527 0.684549 -0.402306;-0.389265 0.685304 -0.377948;-0.373266 0.681033 -0.363692;-0.371469 0.680431 -0.362128;-0.36751 0.678652 -0.358753;
-0.427537 0.66484 -0.423555;-0.42862 0.669792 -0.415121;-0.426799 0.673939 -0.407269;-0.4236 0.675204 -0.403362;-0.416694 0.678864 -0.393707;-0.39697 0.680281 -0.376718;-0.396941 0.681315 -0.377157;-0.392089 0.681464 -0.370946;-0.386968 0.681228 -0.364756;-0.381449 0.679486 -0.358972;
-0.426692 0.663898 -0.423836;-0.427695 0.664472 -0.42272;-0.428721 0.669184 -0.414722;-0.426825 0.673509 -0.406566;-0.423953 0.67465 -0.403066;-0.416797 0.678453 -0.393084;-0.397626 0.679854 -0.376613;-0.397592 0.680976 -0.37709;-0.392323 0.681146 -0.370364;-0.386781 0.680898 -0.363685;-0.38229 0.679484 -0.358993;
-0.426692 0.663898 -0.423836;-0.427695 0.664472 -0.42272;-0.428721 0.669184 -0.414722;-0.426825 0.673509 -0.406566;-0.423953 0.67465 -0.403066;-0.416797 0.678453 -0.393084;-0.397626 0.679854 -0.376613;-0.397592 0.680976 -0.37709;-0.392323 0.681146 -0.370364;-0.386781 0.680898 -0.363685;-0.38229 0.679484 -0.358993;
-0.409441 0.653782 -0.424557;-0.424981 0.654602 -0.413002;-0.425614 0.654643 -0.412523;-0.426871 0.655218 -0.410913;-0.430361 0.656841 -0.406403;-0.430652 0.657026 -0.405954;-0.428518 0.661813 -0.396693;-0.42696 0.664633 -0.391142;-0.423134 0.667186 -0.384954;-0.419089 0.669303 -0.379241;-0.413215 0.669693 -0.374125;-0.413195 0.670647 -0.374532;-0.404624 0.674118 -0.367302;-0.396052 0.676075 -0.361117;-0.394802 0.676271 -0.360271;
-0.390964 0.643146 -0.424937;-0.412277 0.645473 -0.411627;-0.417493 0.646688 -0.407714;-0.425226 0.647802 -0.402554;-0.427952 0.649347 -0.399466;-0.430829 0.651491 -0.395583;-0.430071 0.653379 -0.392704;-0.426875 0.659918 -0.382602;-0.420118 0.665193 -0.373023;-0.407296 0.670401 -0.36225;
-0.376703 0.627689 -0.427932;-0.376919 0.627816 -0.427694;-0.387139 0.633696 -0.416579;-0.396806 0.635126 -0.410987;-0.40861 0.638255 -0.402821;-0.424851 0.641155 -0.39283;-0.425434 0.641511 -0.392211;-0.426908 0.642679 -0.390347;-0.43023 0.645226 -0.386243;-0.429519 0.64904 -0.3817;-0.426793 0.655305 -0.374246;-0.422733 0.658962 -0.369349;-0.418138 0.662099 -0.364849;
-0.368319 0.608457 -0.431873;-0.372386 0.613153 -0.425432;-0.3765 0.619099 -0.417355;-0.385766 0.625265 -0.408072;-0.391288 0.627693 -0.403963;-0.400444 0.630501 -0.398321;-0.408815 0.632372 -0.39374;-0.423491 0.635838 -0.385553;-0.425765 0.637046 -0.38373;-0.429225 0.639989 -0.379945;-0.42777 0.649344 -0.370631;-0.426842 0.651639 -0.368364;
-0.362985 0.588627 -0.435415;-0.366163 0.59604 -0.426727;-0.370083 0.601044 -0.420931;-0.377484 0.612738 -0.407422;-0.383988 0.617531 -0.401499;-0.394184 0.622668 -0.394657;-0.396369 0.624367 -0.392624;-0.402678 0.62622 -0.389361;-0.42193 0.631447 -0.379747;-0.426954 0.6343 -0.376088;-0.42838 0.635586 -0.37465;-0.428128 0.637404 -0.373034;
-0.285285 -0.494165 0.120437;-0.28635 -0.49335 0.11942;-0.287269 -0.492981 0.118626;-0.287716 -0.492503 0.118105;-0.282675 -0.480041 0.106026;-0.282572 -0.476673 0.103781;-0.280729 -0.469767 0.0975415;-0.280286 -0.460447 0.0914571;-0.276887 -0.445857 0.0781388;-0.276068 -0.434824 0.0709277;-0.272667 -0.423599 0.0581116;-0.268917 -0.410008 0.0434451;-0.262114 -0.394586 0.0205471;-0.261863 -0.394045 0.0197115;-0.261341 -0.393384 0.0181447;-0.258546 -0.388505 0.00913123;-0.257227 -0.38621 0.00488314;-0.257198 -0.385913 0.00460881;-0.256553 -0.384719 0.00267158;-0.253985 -0.379069 -0.00563658;-0.252211 -0.378228 -0.00954286;-0.250754 -0.371537 -0.0199476;
-0.299983 -0.49166 0.141245;-0.299311 -0.491249 0.137831;-0.297568 -0.490461 0.12803;-0.297319 -0.490261 0.12694;-0.277858 -0.472349 0.107139;-0.275177 -0.462066 0.0977192;-0.275023 -0.458188 0.0951565;-0.270784 -0.439311 0.0777328;-0.27048 -0.434659 0.0746635;-0.266184 -0.419921 0.0577163;-0.26358 -0.410083 0.0470272;-0.25809 -0.397229 0.0278266;-0.256615 -0.393071 0.0223346;-0.252829 -0.386642 0.0105267;-0.252542 -0.383888 0.00800835;-0.249057 -0.377553 -0.00215474;-0.249079 -0.37739 -0.00226634;
-0.308779 -0.488807 0.16366;-0.307425 -0.487744 0.156672;-0.307119 -0.486988 0.146915;-0.305564 -0.486367 0.143235;-0.30295 -0.486196 0.142215;-0.295107 -0.481868 0.131252;-0.277858 -0.472349 0.107139;-0.274236 -0.460761 0.0977493;-0.273909 -0.457709 0.0959399;-0.267391 -0.435672 0.0775071;-0.267233 -0.434563 0.0768342;-0.260194 -0.416523 0.0573511;-0.257892 -0.410163 0.0508458;-0.254056 -0.403154 0.0409208;-0.248633 -0.391288 0.0262875;-0.245818 -0.38733 0.0195252;-0.24492 -0.382266 0.0153305;
-0.317716 -0.486026 0.184983;-0.318729 -0.484688 0.182509;-0.315346 -0.475881 0.169648;-0.3144 -0.474444 0.167661;-0.308483 -0.465669 0.155549;-0.303625 -0.463326 0.151424;-0.280469 -0.459482 0.137579;-0.269875 -0.454199 0.121382;-0.261406 -0.451564 0.113734;-0.259356 -0.448203 0.105178;-0.258423 -0.447784 0.103555;-0.258109 -0.447768 0.103177;-0.257827 -0.447233 0.102347;-0.253431 -0.43326 0.08589;-0.247838 -0.415283 0.0648503;-0.24629 -0.410554 0.0591456;-0.245149 -0.407464 0.0551137;-0.24218 -0.39907 0.0444776;-0.238573 -0.389349 0.0317734;
-0.325436 -0.482263 0.207245;-0.324929 -0.480266 0.203775;-0.321221 -0.472081 0.189326;-0.318898 -0.468581 0.18308;-0.316127 -0.46513 0.176901;-0.31452 -0.463176 0.173404;-0.30084 -0.457532 0.159543;-0.296097 -0.457076 0.1561;-0.277471 -0.451068 0.132934;-0.274159 -0.449871 0.127874;-0.261146 -0.446995 0.115579;-0.25531 -0.44427 0.105806;-0.253248 -0.44412 0.10341;-0.251253 -0.440492 0.0979554;-0.248609 -0.432783 0.0890497;-0.245536 -0.423731 0.0786595;-0.241006 -0.411043 0.0636218;-0.237414 -0.402076 0.0521211;-0.236149 -0.39879 0.0480254;
-0.323881 -0.479318 0.228532;-0.324413 -0.474103 0.216015;-0.322515 -0.467538 0.199485;-0.322111 -0.466871 0.197752;-0.320232 -0.464731 0.192062;-0.316047 -0.460538 0.180656;-0.300309 -0.456428 0.161091;-0.277158 -0.450191 0.13245;-0.274604 -0.449421 0.128549;-0.261146 -0.446995 0.115579;-0.255024 -0.443948 0.106012;-0.252671 -0.443687 0.103437;-0.250063 -0.439272 0.0971602;-0.247461 -0.432669 0.089802;-0.244893 -0.426091 0.0825184;-0.238798 -0.411247 0.0654925;-0.23797 -0.409437 0.0632428;
-0.323781 -0.479143 0.229807;-0.324359 -0.473689 0.216409;-0.322426 -0.467068 0.199326;-0.322153 -0.466626 0.198149;-0.320806 -0.465121 0.194042;-0.315986 -0.460361 0.180751;-0.300309 -0.456428 0.161091;-0.277158 -0.450191 0.13245;-0.274604 -0.449421 0.128549;-0.261146 -0.446995 0.115579;-0.25501 -0.443932 0.106023;-0.252641 -0.443664 0.103439;-0.249999 -0.439206 0.0971171;-0.247403 -0.432663 0.0898395;-0.244863 -0.426199 0.0826944;-0.238688 -0.411258 0.065585;-0.238153 -0.410093 0.0641406;
-0.323781 -0.479143 0.229807;-0.324359 -0.473689 0.216409;-0.322426 -0.467068 0.199326;-0.322153 -0.466626 0.198149;-0.320806 -0.465121 0.194042;-0.315986 -0.460361 0.180751;-0.300309 -0.456428 0.161091;-0.277158 -0.450191 0.13245;-0.274604 -0.449421 0.128549;-0.261146 -0.446995 0.115579;-0.25501 -0.443932 0.106023;-0.252641 -0.443664 0.103439;-0.249999 -0.439206 0.0971171;-0.247403 -0.432663 0.0898395;-0.244863 -0.426199 0.0826944;-0.238688 -0.411258 0.065585;-0.238153 -0.410093 0.0641406;
-0.320519 -0.477172 0.249029;-0.321556 -0.474406 0.241855;-0.3216 -0.471888 0.234709;-0.32271 -0.466748 0.22099;-0.321497 -0.466144 0.218084;-0.319117 -0.460958 0.202411;-0.317408 -0.458044 0.193076;-0.314346 -0.455611 0.183299;-0.303747 -0.454372 0.1685;-0.299669 -0.453261 0.160081;-0.282708 -0.450055 0.139115;-0.276707 -0.448924 0.13175;-0.275373 -0.448645 0.129714;-0.261146 -0.446995 0.115579;-0.255253 -0.444206 0.105847;-0.253135 -0.444035 0.103415;-0.251028 -0.440261 0.0978048;-0.248377 -0.43276 0.0892015;-0.245397 -0.42424 0.0794926;-0.24434 -0.421367 0.0761094;
-0.313746 -0.477016 0.267803;-0.314876 -0.475917 0.265084;-0.318235 -0.472796 0.257566;-0.319847 -0.46922 0.246916;-0.320089 -0.465036 0.233187;-0.321039 -0.461712 0.223013;-0.318362 -0.460622 0.216253;-0.31691 -0.457328 0.204819;-0.314501 -0.453199 0.189514;-0.313202 -0.452297 0.185076;-0.307699 -0.452008 0.177015;-0.299121 -0.450547 0.159217;-0.276838 -0.447929 0.131786;-0.276331 -0.44787 0.131168;-0.276161 -0.447848 0.130909;-0.261146 -0.446995 0.115579;-0.255733 -0.444748 0.1055;-0.25406 -0.444729 0.103371;-0.252753 -0.44203 0.0989573;-0.250555 -0.43371 0.0888245;
-0.305 -0.478114 0.285548;-0.311468 -0.472549 0.270297;-0.317686 -0.467421 0.256623;-0.318649 -0.465582 0.250467;-0.319127 -0.46067 0.232216;-0.319934 -0.458381 0.224352;-0.316426 -0.457212 0.215122;-0.315478 -0.454973 0.206381;-0.312867 -0.450477 0.187512;-0.312496 -0.45025 0.186174;-0.310639 -0.450249 0.183352;-0.298841 -0.449159 0.158775;-0.27628 -0.447728 0.13109;-0.261176 -0.44752 0.115366;-0.260776 -0.447244 0.113429;-0.257401 -0.446631 0.104293;-0.256791 -0.446779 0.10324;-0.256624 -0.446035 0.101637;
-0.292193 -0.481292 0.300882;-0.30212 -0.476056 0.289907;-0.304632 -0.474189 0.284516;-0.309388 -0.470494 0.273478;-0.317389 -0.464519 0.256114;-0.317974 -0.463534 0.252466;-0.318653 -0.458521 0.231739;-0.319392 -0.456748 0.225008;-0.315573 -0.455709 0.214623;-0.31486 -0.453955 0.207056;-0.312365 -0.44964 0.186897;-0.312267 -0.449588 0.186529;-0.311706 -0.449611 0.185651;-0.298851 -0.449209 0.158791;-0.279205 -0.448787 0.134741;-0.276638 -0.44873 0.131643;-0.275311 -0.448707 0.12962;-0.266051 -0.448947 0.119812;
-0.27545 -0.485185 0.312735;-0.284011 -0.482808 0.308812;-0.287483 -0.480821 0.305661;-0.289526 -0.479629 0.303714;-0.300339 -0.472859 0.291719;-0.304516 -0.469029 0.282433;-0.306234 -0.467377 0.278303;-0.311118 -0.462894 0.267396;-0.315211 -0.459012 0.257729;-0.315887 -0.458239 0.255447;-0.316176 -0.457895 0.254391;-0.316689 -0.456278 0.247397;-0.317336 -0.452549 0.230412;-0.317728 -0.451732 0.227024;-0.312688 -0.450628 0.212937;-0.312422 -0.449946 0.209716;-0.311334 -0.448056 0.199991;-0.310549 -0.44528 0.187332;-0.308185 -0.444796 0.181567;-0.297774 -0.443217 0.158633;-0.295677 -0.443465 0.156319;-0.282396 -0.444679 0.140579;
-0.356878 -0.498474 -0.0108004;-0.359983 -0.496555 -0.00318777;-0.362009 -0.493954 0.00295087;-0.36367 -0.490059 0.0098621;-0.364228 -0.487679 0.0132886;-0.363085 -0.485817 0.0140613;-0.357341 -0.475276 0.0189403;-0.352058 -0.468035 0.0213641;-0.343245 -0.458618 0.0233117;
-0.332311 -0.50218 -0.0136933;-0.336847 -0.501431 -0.00245802;-0.341217 -0.500253 0.00838977;-0.344192 -0.498291 0.0160595;-0.348738 -0.491136 0.0296552;-0.349292 -0.489449 0.0318537;-0.346217 -0.483762 0.0337125;-0.342956 -0.476549 0.0364341;
-0.30955 -0.503138 -0.0149382;-0.315948 -0.501727 0.00768864;-0.31845 -0.50114 0.0165411;-0.32333 -0.49811 0.034375;-0.325312 -0.497201 0.0415455;
-0.28782 -0.503337 -0.0133218;-0.292396 -0.502746 0.006559;-0.293436 -0.502474 0.0110788;-0.300472 -0.500514 0.0416774;
-0.267434 -0.503673 -0.00841048;-0.272638 -0.503085 0.0163064;-0.279175 -0.501397 0.0474871;
-0.247806 -0.503537 -0.00228105;-0.250738 -0.503652 0.0123464;-0.255135 -0.503143 0.0343291;-0.259327 -0.502043 0.0553651;
-0.246726 -0.503583 -0.00173362;-0.249252 -0.503683 0.0108912;-0.254474 -0.503078 0.0370518;-0.258242 -0.502087 0.0559931;
-0.246726 -0.503583 -0.00173362;-0.249252 -0.503683 0.0108912;-0.254474 -0.503078 0.0370518;-0.258242 -0.502087 0.0559931;
-0.230501 -0.50406 0.00761212;-0.232513 -0.503964 0.0165266;-0.24185 -0.502872 0.0580098;-0.244175 -0.502899 0.0682477;
-0.213984 -0.503872 0.0182625;-0.221458 -0.503769 0.0415184;-0.223287 -0.503794 0.0472325;-0.231435 -0.50322 0.0724184;-0.235585 -0.503447 0.0853478;-0.235929 -0.503397 0.0864167;
-0.201115 -0.501567 0.0318102;-0.202954 -0.503267 0.0362965;-0.206918 -0.502982 0.0451772;-0.211729 -0.503114 0.0558235;-0.217205 -0.504573 0.0676109;-0.220226 -0.503051 0.0762933;-0.225759 -0.503312 0.0899545;-0.231798 -0.502615 0.104835;-0.232692 -0.502403 0.107041;
-0.194124 -0.496933 0.0497339;-0.206702 -0.503638 0.0714896;-0.211571 -0.507224 0.0806031;-0.213674 -0.50763 0.0841985;-0.216206 -0.506279 0.0899066;-0.218525 -0.502543 0.0971963;-0.221394 -0.502655 0.105555;-0.226113 -0.502029 0.119063;-0.227933 -0.501547 0.124286;-0.229074 -0.501238 0.127561;
-0.190157 -0.495907 0.0689211;-0.205333 -0.504283 0.102001;-0.20747 -0.505909 0.107052;-0.209624 -0.502155 0.112055;-0.219793 -0.501428 0.12509;-0.221884 -0.501677 0.127714;-0.222402 -0.501646 0.128349;-0.222771 -0.501589 0.128803;-0.223167 -0.501528 0.129288;-0.227145 -0.501059 0.134164;-0.239346 -0.499534 0.149118;
-0.191428 -0.504432 -0.122984;-0.198203 -0.504723 -0.128329;-0.211708 -0.504775 -0.138975;-0.217775 -0.503927 -0.143706;-0.22358 -0.502726 -0.14819;-0.236669 -0.501731 -0.158576;-0.237835 -0.499822 -0.158572;-0.24169 -0.491238 -0.156765;
-0.210332 -0.504832 -0.12069;-0.217532 -0.504864 -0.125195;-0.225747 -0.504935 -0.130336;-0.229934 -0.504807 -0.132955;-0.24917 -0.5033 -0.144957;-0.256066 -0.503117 -0.149276;-0.25947 -0.502843 -0.151401;-0.261806 -0.494535 -0.150266;-0.262582 -0.493603 -0.150963;-0.263131 -0.492175 -0.150263;-0.263137 -0.492159 -0.150255;
-0.230451 -0.505135 -0.112169;-0.232892 -0.505154 -0.113959;-0.248819 -0.50463 -0.125631;-0.257102 -0.50392 -0.131691;-0.260306 -0.503819 -0.134043;-0.267833 -0.503165 -0.139552;-0.273103 -0.502613 -0.143408;-0.278418 -0.499123 -0.145911;-0.285415 -0.490818 -0.140193;-0.286024 -0.48992 -0.139166;
-0.250071 -0.505007 -0.102741;-0.263316 -0.504513 -0.111212;-0.270371 -0.504692 -0.115724;-0.286391 -0.503372 -0.125882;-0.296018 -0.501668 -0.131943;-0.303955 -0.492379 -0.132348;-0.310864 -0.484259 -0.12917;
-0.263822 -0.504684 -0.0874024;-0.284703 -0.505114 -0.0971645;-0.294352 -0.504909 -0.101686;-0.311205 -0.502853 -0.109584;-0.321555 -0.502125 -0.114458;-0.328021 -0.501546 -0.117497;-0.328452 -0.498773 -0.116859;-0.334602 -0.481851 -0.116624;-0.334722 -0.481082 -0.116354;-0.334998 -0.479343 -0.115757;
-0.248798 -0.504948 -0.0802199;-0.250215 -0.504989 -0.0805895;-0.260749 -0.504582 -0.0833504;-0.282536 -0.504966 -0.0890478;-0.307604 -0.504293 -0.0956296;-0.315919 -0.503419 -0.0978054;-0.319789 -0.503198 -0.0988285;-0.3231 -0.502943 -0.0997004;-0.332838 -0.502206 -0.102266;-0.337627 -0.500997 -0.103492;-0.342496 -0.498985 -0.10469;-0.346704 -0.491345 -0.103231;-0.346373 -0.488896 -0.1014;-0.346869 -0.486852 -0.100435;-0.348205 -0.478552 -0.0961356;
-0.247968 -0.504908 -0.0795457;-0.25046 -0.504979 -0.0801826;-0.260884 -0.504577 -0.0828605;-0.282353 -0.504954 -0.0883633;-0.308678 -0.504243 -0.0951385;-0.316213 -0.503454 -0.0970708;-0.319692 -0.503257 -0.0979725;-0.322655 -0.50303 -0.0987373;-0.333018 -0.502248 -0.101413;-0.338144 -0.500957 -0.102698;-0.343376 -0.498801 -0.103957;-0.347227 -0.491868 -0.102603;-0.346888 -0.489299 -0.100666;-0.348693 -0.478587 -0.0949107;
-0.247968 -0.504908 -0.0795457;-0.25046 -0.504979 -0.0801826;-0.260884 -0.504577 -0.0828605;-0.282353 -0.504954 -0.0883633;-0.308678 -0.504243 -0.0951385;-0.316213 -0.503454 -0.0970708;-0.319692 -0.503257 -0.0979725;-0.322655 -0.50303 -0.0987373;-0.333018 -0.502248 -0.101413;-0.338144 -0.500957 -0.102698;-0.343376 -0.498801 -0.103957;-0.347227 -0.491868 -0.102603;-0.346888 -0.489299 -0.100666;-0.348693 -0.478587 -0.0949107;
-0.234964 -0.504281 -0.0689851;-0.256058 -0.504763 -0.0708833;-0.263984 -0.504457 -0.0716056;-0.278223 -0.504673 -0.0728966;-0.302317 -0.503913 -0.0751057;-0.316296 -0.504196 -0.0763896;-0.331819 -0.503793 -0.0777937;-0.337892 -0.503399 -0.0783335;-0.342378 -0.502345 -0.0786814;-0.353171 -0.499117 -0.0794747;-0.35447 -0.496252 -0.0787736;-0.356918 -0.494958 -0.0787133;-0.356292 -0.493487 -0.0782057;-0.356297 -0.480421 -0.0760027;-0.356314 -0.479534 -0.0758599;-0.356135 -0.479215 -0.0757304;
-0.222308 -0.503845 -0.0626307;-0.224338 -0.503793 -0.0626741;-0.232137 -0.504009 -0.0628309;-0.260556 -0.504589 -0.0634094;-0.266209 -0.504371 -0.0635303;-0.275776 -0.504507 -0.0637313;-0.290444 -0.504016 -0.0640542;-0.31416 -0.504552 -0.0645807;-0.331619 -0.504131 -0.0649438;-0.343355 -0.503221 -0.0651986;-0.354737 -0.499735 -0.0653934;-0.362138 -0.497553 -0.065527;-0.362655 -0.496493 -0.0652073;-0.363008 -0.49445 -0.06427;-0.368857 -0.484084 -0.0624141;-0.367141 -0.482733 -0.0587966;-0.369538 -0.47505 -0.0539417;-0.369285 -0.474685 -0.0535446;
-0.213319 -0.503938 -0.0486597;-0.22342 -0.503633 -0.0477126;-0.226171 -0.503504 -0.047456;-0.227655 -0.503505 -0.0473161;-0.228355 -0.503537 -0.0472507;-0.229531 -0.503513 -0.0471392;-0.23021 -0.50349 -0.0470746;-0.270523 -0.504156 -0.0432519;-0.272028 -0.504103 -0.04311;-0.307781 -0.504469 -0.039702;-0.314338 -0.50417 -0.0390918;-0.324152 -0.503748 -0.0381773;-0.35821 -0.500678 -0.0350399;-0.36169 -0.499359 -0.0347558;-0.365113 -0.495796 -0.0345239;-0.370515 -0.489224 -0.0341183;-0.370493 -0.477733 -0.0341781;
-0.199127 -0.504179 -0.0376155;-0.211726 -0.503573 -0.0361424;-0.220457 -0.503584 -0.0351135;-0.224657 -0.503776 -0.0346218;-0.231829 -0.503631 -0.0337722;-0.236049 -0.50349 -0.0332714;-0.267931 -0.504011 -0.0294951;-0.277069 -0.503689 -0.0284181;-0.303003 -0.503934 -0.025334;-0.317231 -0.503268 -0.0236739;-0.339189 -0.502298 -0.0211095;-0.352324 -0.501113 -0.0195883;-0.363389 -0.496885 -0.0184068;-0.363546 -0.496826 -0.01839;-0.36377 -0.496663 -0.0183717;-0.372467 -0.488938 -0.017664;-0.372842 -0.482891 -0.0163267;
-0.184174 -0.504346 -0.0278902;-0.199285 -0.503633 -0.0263985;-0.214427 -0.50365 -0.0248902;-0.221599 -0.503974 -0.0241811;-0.233687 -0.503727 -0.0229694;-0.240704 -0.503489 -0.0222644;-0.26609 -0.503908 -0.0197202;-0.280548 -0.503403 -0.0182795;-0.300005 -0.503598 -0.0163199;-0.318962 -0.502729 -0.0144534;-0.347535 -0.501494 -0.0116366;-0.349232 -0.501341 -0.0114711;-0.350731 -0.500771 -0.0113402;-0.356878 -0.498474 -0.0108004;
